,AUDCAD:CUR,AUDCHF:CUR,AUDJPY:CUR,AUDNZD:CUR,AUDUSD:CUR,CADCHF:CUR,CADJPY:CUR,CHFJPY:CUR,DXY:CUR,EURCHF:CUR,EURGBP:CUR,EURJPY:CUR,EURNZD:CUR,EURTRY:CUR,EURUSD:CUR,GBPJPY:CUR,NZDUSD:CUR,USDCHF:CUR,USDMXN:CUR,USDNOK:CUR,USDSEK:CUR,USDSGD:CUR
AUDCAD:CUR,,-2.4572,-2.2007,-2.5198,-2.4816,-2.4781,-2.2016,-1.5411,-3.0783,-2.9072,-3.4328,-1.7289,-1.3625,-1.8782,-3.0235,-2.6504,-2.4242,-3.0205,-1.6235,-2.8036,-2.0112,-1.9105
AUDCHF:CUR,-2.956,,-1.6702,-1.9621,-3.6706,-3.0656,-1.924,-1.5721,-2.9215,-2.769,,-1.72,-1.2089,-1.6039,-2.8933,-2.1038,-3.0518,-2.4847,-1.4989,-2.4455,-1.9295,-2.0444
AUDJPY:CUR,-2.5728,-1.3912,,-2.4501,-2.896,-2.6046,-2.7457,,-2.8403,-2.6119,-2.8942,-1.6665,-1.2858,-1.8507,-2.7819,-2.3852,-2.9979,-2.1405,-1.493,-2.5901,-2.1006,-2.0811
AUDNZD:CUR,-2.606,-1.309,-2.2428,,-1.3711,-1.6348,-2.0702,-1.5654,-2.8352,-2.5801,-2.9088,-3.0644,-1.2065,-2.4601,-2.7213,-2.6999,-2.753,-1.7523,-1.6986,-2.7166,-2.4151,-2.062
AUDUSD:CUR,-2.7374,-3.5275,-2.874,-1.5333,,-3.4547,-2.3111,-1.451,-2.8333,-2.9553,-2.8977,-1.7913,-1.4988,-1.439,-2.7733,-2.0648,-3.6244,-2.3446,-1.3446,-2.3724,-2.0055,-2.327
CADCHF:CUR,-2.6168,-2.8359,-2.4584,-1.5866,-3.3784,,-1.6379,-1.6453,-2.8527,-2.5899,-2.5356,-1.8511,-1.5873,-1.3771,-2.8512,-1.8046,-3.5981,-2.0319,-1.6132,-2.3386,-2.014,-2.373
CADJPY:CUR,-2.3801,-1.3927,-2.5229,-1.9165,-2.0746,-1.4772,,-1.524,-2.7871,-2.387,-2.672,-2.014,-1.3499,-1.6288,-2.7573,-1.9932,-3.1465,-1.7305,-1.8432,-2.4613,-2.2629,-2.1868
CHFJPY:CUR,-1.3755,0.2876,,-0.5685,-0.0259,-0.6477,-0.7116,,-2.7554,-1.8557,-2.8101,-1.8916,-1.5989,-2.4941,-2.6306,-1.4053,-2.8833,-1.1997,-2.701,-2.769,-2.5135,-2.7022
DXY:CUR,-1.869,-0.4306,-0.4459,-0.4535,-0.3613,-0.8623,-0.9038,-1.7185,,-1.8344,-2.909,-1.3487,-1.5176,-1.3107,-2.3089,-1.4078,-2.7947,-1.5161,-1.7102,-2.1155,-1.2822,-2.1552
EURCHF:CUR,-2.4036,-1.8942,-1.8324,-1.9326,-2.118,-1.9917,-1.8953,-1.6761,-2.8294,,-2.3555,-1.7139,-1.4695,-1.828,-2.4344,-2.0711,-2.6892,-2.5961,-1.6237,-2.2389,-2.2884,-1.9232
EURGBP:CUR,-2.3744,,-1.1459,-1.3837,-0.6975,-0.6458,-1.1571,-2.0514,-2.9724,-1.6174,,-2.2295,-1.1241,-1.6026,-2.9484,-2.1407,-2.305,-1.3768,-1.6821,-3.15,-2.0442,-2.1152
EURJPY:CUR,-1.5538,-0.1448,-0.5198,-2.6476,-0.6966,-1.0845,-1.5579,-1.9211,-2.7305,-1.8618,-2.9235,,-1.293,-4.0368,-2.2982,-3.4599,-2.9051,-1.2658,-2.6881,-2.9207,-3.0015,-2.5113
EURNZD:CUR,-1.5078,-0.0049,-0.4145,-0.3995,-0.9321,-1.2503,-1.1292,-1.9092,-3.0648,-2.0839,-2.7352,-1.7134,,-1.3452,-3.0577,-1.5093,-5.2242,-1.7766,-1.7553,-2.3867,-1.9964,-3.3141
EURTRY:CUR,-1.9188,-0.3253,-1.118,-2.0516,-0.7469,-0.9055,-1.5065,-2.6839,-2.786,-2.3242,-2.7919,-4.2617,-1.3356,,-2.7802,-3.2367,-2.7393,-1.3648,-2.6304,-2.9986,-3.1646,-2.3616
EURUSD:CUR,-1.8972,-0.7047,-0.5927,-0.4177,-0.5519,-1.0082,-0.9801,-1.8044,-2.3446,-1.7772,-2.8752,-1.2942,-2.0321,-1.3782,,-1.3824,-2.9825,-1.4245,-1.7874,-1.9561,-1.5372,-2.2378
GBPJPY:CUR,-2.198,-0.6904,-1.5564,-2.2242,-0.9724,-1.0505,-1.5384,-1.4517,-2.6479,-2.09,-3.0068,-3.4897,-1.051,-3.1258,-2.3861,,-2.5576,-1.2193,-1.8268,-3.2102,-2.6356,-2.3376
NZDUSD:CUR,-1.0887,-0.5493,-0.425,-0.4115,-1.5027,-2.2059,-1.5576,-1.9906,-2.797,-1.7989,-2.2624,-1.8041,-4.4609,-1.3667,-3.016,-1.3755,,-1.9365,-1.7476,-2.2911,-2.0798,-4.0011
USDCHF:CUR,-2.8256,-1.8588,-1.61,-1.236,-1.915,-1.7327,-1.53,-1.565,-2.8266,-3.0107,-2.8811,-1.5873,-1.6565,-1.4206,-2.6638,-1.5361,-3.0528,,-1.6943,-2.4131,-1.5454,-2.3916
USDMXN:CUR,-1.2282,0.2759,-0.2121,-0.8355,0.0048,-0.7659,-1.3088,-2.7112,-2.8239,-1.9172,-2.7842,-2.6422,-1.3175,-2.3969,-2.665,-1.7717,-2.8187,-1.5798,,-2.4654,-2.5199,-2.2937
USDNOK:CUR,-1.9234,-0.1384,-0.9041,-1.5366,-0.6203,-0.6564,-1.2114,-2.2035,-2.6947,-1.8867,-3.6786,-2.3613,-1.3719,-2.2802,-2.3146,-2.7273,-2.6313,-1.5942,-1.7779,,-1.531,-2.4245
USDSEK:CUR,-1.4828,-0.1971,-0.9067,-1.6707,-0.8866,-0.8858,-1.4993,-2.3919,-2.5091,-2.3207,-2.919,-2.8291,-1.4874,-2.7424,-2.5737,-2.4077,-3.0011,-1.3063,-2.3773,-2.0949,,-2.4325
USDSGD:CUR,-1.1521,0.2365,-0.015,-0.4158,-0.3723,-1.2243,-1.0507,-2.2491,-2.6854,-1.7616,-2.7344,-2.0308,-2.7233,-1.4886,-2.8019,-1.8627,-4.2934,-1.8772,-1.6998,-2.4219,-1.931,
