,AUDCAD:CUR,AUDCHF:CUR,AUDJPY:CUR,AUDNZD:CUR,AUDUSD:CUR,CADCHF:CUR,CADJPY:CUR,CHFJPY:CUR,DXY:CUR,EURCHF:CUR,EURGBP:CUR,EURJPY:CUR,EURNZD:CUR,EURTRY:CUR,EURUSD:CUR,GBPJPY:CUR,NZDUSD:CUR,USDCHF:CUR,USDMXN:CUR,USDNOK:CUR,USDSEK:CUR,USDSGD:CUR
AUDCAD:CUR,,-0.7626,-0.9615,-2.2868,-1.6445,-2.2563,-2.0398,-1.2804,-2.2963,-2.1817,-0.5878,-1.691,-0.9994,-0.8823,-1.0578,-2.9742,-1.908,-3.1269,-1.6729,-3.043,-1.851,-1.6684
AUDCHF:CUR,-0.7627,,-1.6974,-1.1892,-2.6192,-1.6599,-1.3573,0.1269,-0.4417,0.145,0.4951,0.0017,-0.2636,-0.5977,0.1823,-1.2211,-0.3961,-0.4995,-0.8824,-0.9963,-0.4591,-0.1585
AUDJPY:CUR,-0.9616,-1.6974,,-1.4981,-1.8788,-1.7629,-1.6253,0.2589,-0.751,-0.3951,0.0081,0.0772,-0.4415,-0.6566,-0.0411,-1.1953,-0.7385,-0.891,-0.9437,-1.1829,-0.8648,-0.4762
AUDNZD:CUR,-2.2868,-1.1892,-1.498,,-1.3888,-1.7908,-2.0322,-0.3732,-1.0815,-1.1579,-0.7196,-1.7338,-0.3047,-0.9415,-0.7104,-2.1835,-2.3214,-1.5271,-1.2125,-1.7711,-1.684,-0.5465
AUDUSD:CUR,-1.6445,-2.6192,-1.8787,-1.3888,,-3.2661,-2.26,0.0088,-1.0973,-0.6338,-0.307,-0.5615,-0.5679,-0.9017,0.1672,-1.2537,-1.961,-1.4667,-1.2649,-1.5073,-1.3117,-0.7663
CADCHF:CUR,-2.2563,-1.6598,-1.7629,-1.7908,-3.2661,,-1.643,-0.8651,-1.1053,-1.0261,-0.7686,-1.2085,-0.7312,-0.9904,-0.9334,-1.6255,-2.6252,-1.2839,-1.2959,-1.4538,-1.2868,-0.7814
CADJPY:CUR,-2.0398,-1.3572,-1.6252,-2.0322,-2.26,-1.643,,-0.6677,-1.2667,-1.1951,-0.9559,-1.1453,-0.8672,-0.9731,-0.9686,-1.531,-2.2149,-1.432,-1.2633,-1.6378,-1.6423,-1.0031
CHFJPY:CUR,-1.2804,0.127,0.2589,-0.3732,0.0088,-0.865,-0.6677,,-2.0398,-1.6967,-1.993,-1.8998,-1.6645,-1.2154,-2.0235,-1.33,-2.3832,-1.6093,-1.4452,-2.8322,-2.7151,-2.4052
DXY:CUR,-2.2963,-0.4417,-0.751,-1.0814,-1.0972,-1.1052,-1.2667,-2.0398,,-3.0326,-2.2974,-2.2206,-1.4464,-1.3199,-2.751,-2.3289,-2.9575,-1.2592,-1.6418,-2.1001,-1.1892,-1.8624
EURCHF:CUR,-2.1817,0.1451,-0.3951,-1.1579,-0.6338,-1.0261,-1.1951,-1.6967,-3.0326,,-1.4623,-1.7143,-0.9901,-1.1982,-1.5032,-2.2607,-2.7113,-2.7376,-1.7467,-2.8191,-2.4192,-2.3376
EURGBP:CUR,-0.5878,0.4951,0.0081,-0.7196,-0.307,-0.7685,-0.9559,-1.993,-2.2974,-1.4623,,-1.4675,-1.7283,-1.3647,-2.9737,-1.8985,-2.1582,-1.3305,-1.7616,-1.9807,-1.9508,-2.7012
EURJPY:CUR,-1.691,0.0018,0.0772,-1.7338,-0.5615,-1.2085,-1.1453,-1.8998,-2.2206,-1.7143,-1.4675,,-1.419,-1.1066,-1.3723,-3.0639,-2.1188,-2.0919,-1.4895,-3.2103,-3.2628,-2.3746
EURNZD:CUR,-0.9994,-0.2635,-0.4414,-0.3047,-0.5679,-0.7312,-0.8672,-1.6645,-1.4464,-0.9901,-1.7283,-1.419,,-1.2591,-1.623,-1.1213,-1.8148,-1.0962,-1.368,-1.7707,-1.8709,-1.5172
EURTRY:CUR,-0.8822,-0.5975,-0.6564,-0.9414,-0.9015,-0.9903,-0.973,-1.2154,-1.3199,-1.1982,-1.3648,-1.1065,-1.2591,,-1.3508,-1.1585,-1.3696,-1.1594,-1.6204,-1.2199,-1.179,-1.209
EURUSD:CUR,-1.0578,0.1824,-0.041,-0.7104,0.1671,-0.9334,-0.9685,-2.0235,-2.751,-1.5032,-2.9737,-1.3723,-1.623,-1.3508,,-1.2793,-2.4192,-1.9794,-1.8329,-2.7176,-2.5791,-3.1885
GBPJPY:CUR,-2.9742,-1.221,-1.1952,-2.1834,-1.2537,-1.6254,-1.531,-1.33,-2.329,-2.2607,-1.8985,-3.0639,-1.1213,-1.1586,-1.2793,,-2.7332,-2.3027,-1.6289,-3.1223,-2.7318,-1.7545
NZDUSD:CUR,-1.9079,-0.3959,-0.7383,-2.3213,-1.9609,-2.6251,-2.2149,-2.3831,-2.9575,-2.7113,-2.1582,-2.1188,-1.8147,-1.3696,-2.4191,-2.7332,,-3.052,-2.2161,-2.6221,-2.2769,-2.5668
USDCHF:CUR,-3.1269,-0.4994,-0.8909,-1.5271,-1.4667,-1.2839,-1.432,-1.6093,-1.2593,-2.7376,-1.3305,-2.0919,-1.0962,-1.1594,-1.9794,-2.3027,-3.052,,-1.6071,-2.2863,-1.2743,-1.1609
USDMXN:CUR,-1.6729,-0.8822,-0.9436,-1.2124,-1.2649,-1.2959,-1.2632,-1.4452,-1.6418,-1.7467,-1.7616,-1.4895,-1.368,-1.6203,-1.8329,-1.6289,-2.2162,-1.6071,,-1.3929,-1.1367,-1.592
USDNOK:CUR,-3.043,-0.9962,-1.1829,-1.7711,-1.5073,-1.4538,-1.6377,-2.8322,-2.1001,-2.8191,-1.9807,-3.2103,-1.7707,-1.2198,-2.7176,-3.1223,-2.6221,-2.2863,-1.3929,,-1.5485,-2.4241
USDSEK:CUR,-1.851,-0.459,-0.8647,-1.6839,-1.3117,-1.2868,-1.6423,-2.7152,-1.1892,-2.4192,-1.9508,-3.2628,-1.8709,-1.179,-2.5791,-2.7318,-2.2769,-1.2743,-1.1367,-1.5485,,-1.8465
USDSGD:CUR,-1.6684,-0.1585,-0.4761,-0.5465,-0.7663,-0.7814,-1.0031,-2.4052,-1.8624,-2.3376,-2.7013,-2.3746,-1.5172,-1.209,-3.1885,-1.7545,-2.5668,-1.1609,-1.592,-2.4241,-1.8465,
